1.392144682037582903e+00 1.839274595586228411e+00 1.088231123696150604e-01 -3.415720800917649846e-01 8.474912212717726767e-01
6.848707074937667727e-01 1.443158695169014738e+00 8.701308216855263566e-01 -1.599138022387735614e+00 1.899215342440462528e+00
1.001423679407757117e+00 -1.416576536329795744e+00 -1.900342583253606055e+00 -1.206085084988374412e+00 9.752440119564704801e-01
4.944715006899413900e-01 8.158423838353963120e-01 -7.150827136867108358e-01 1.830367777362367221e+00 9.780171631637601948e-02
1.160384616663299617e+00 9.268958310909796161e-01 -5.869530906792586045e-01 -5.148746236557228961e-01 -5.853811464495053407e-01
1.365581101303383171e+00 1.187004764440012572e+00 1.920782806238088281e+00 -3.960728984182355639e-01 6.516498420266523262e-01
-1.547728864545541150e-01 9.553173464248554403e-01 2.563680001236900985e-01 -6.881384332154869554e-01 5.766767802860490733e-01
-1.397408554383070989e+00 -1.969252917859378726e-01 -7.732932133756751369e-01 -4.213668582853502542e-02 -1.409549794675983403e+00
1.854617555262287443e+00 1.449065388874300808e+00 5.158728740045899208e-01 1.733563426490660753e-01 7.304837075953258818e-01
1.644061075050471388e-01 1.132951141866126665e+00 1.275048875554395167e+00 1.351138299516115193e+00 -7.402408826106836592e-01
7.662813707731590540e-01 1.763045012091200014e+00 -6.639030539127732666e-02 -1.121953154505180184e+00 -6.253334478693539644e-01
1.311292460093675949e+00 2.320172844402947909e-01 1.178561178254637021e+00 1.307814851854432803e+00 -3.747695466636002948e-03
-1.514494469856567438e+00 1.086078436839445605e+00 -1.452512956312525194e+00 1.148205643885578553e+00 4.984009194171781232e-01
1.805856575831431776e+00 1.367373546982466603e+00 1.930069836815642148e+00 -6.801192338402910487e-01 8.844517912407914295e-01
-2.122810216089643376e-02 2.035407480952251547e-01 -1.710947950797428341e+00 -1.014356200889076298e+00 7.103973854752263506e-01
1.643667585425297784e+00 4.939218016162945091e-01 1.477224120353313186e+00 -1.855601705792076395e+00 8.244615649894813103e-01
1.488739735833698230e+00 -1.933837738777078652e+00 6.433469397923157196e-01 8.998188297049822815e-01 -1.541497927187096995e+00
5.516732447827794594e-01 7.204006124260744492e-01 3.615507120522449824e-01 -1.876525070704375242e+00 -7.787862868691957097e-01
3.914957063134316684e-02 1.370621079167511525e+00 5.953935514695172238e-01 -8.919125736820947559e-01 9.526316198765005794e-02
3.166520443082405656e-01 1.421053058263506141e+00 -1.452402934783721733e+00 1.119851630306118562e+00 -3.462255097815445382e-01
-1.085344521205913626e+00 -1.637553135328344567e+00 -6.612296761202709483e-01 -1.923878352271763514e+00 9.153935284965086794e-02
1.499738681258542705e+00 -1.493266612360353296e+00 8.197071983389463412e-01 -1.316753786655882497e+00 -2.836272349153232675e-01
1.511714521637937736e+00 7.937254919446763424e-01 -5.119775801907717749e-01 6.806902139246684413e-02 1.395013294688380867e+00
-1.884392051235961318e+00 -2.733899393936964906e-01 1.864068083263861197e-01 -4.827182087224390905e-01 1.002873743672165752e-01
4.928372770197686492e-02 8.192727471837351061e-01 1.427130671766907888e+00 -7.984881016044416135e-01 -1.524770898692708876e+00
-8.413290268801589811e-01 -6.006657787781399804e-02 2.151449241058145390e-01 -1.642735103944111597e+00 1.848487949760153626e-01
-1.793192411707167366e-03 -8.774734733243594320e-01 -1.387552839464444521e+00 -1.350512055760471952e+00 -4.314161119304134040e-01
-1.856080489158195679e+00 1.983014751177702539e+00 6.833223613392820361e-01 8.812298997080421081e-01 -9.239302851463784272e-01
-2.150821820630377523e-01 1.793647494968966249e+00 8.789322828165420098e-01 -1.399307273037941446e+00 -1.386769035314765919e+00
-7.316847420940093549e-01 -9.452943065957959412e-01 -1.007260136246720617e+00 1.141806768347179091e+00 -8.078229175422375619e-01
4.951932362367710283e-01 -1.382927780375204030e+00 -5.249101348175577719e-01 1.670506613811022500e+00 1.501719884290118934e+00
-3.350205570594595450e-01 1.044053859951269203e+00 1.137083684934594885e+00 -4.982555978050093870e-01 7.427448887494865204e-01
1.147277611479544213e+00 1.683824429292322566e+00 -6.324681298379708494e-03 -1.717354481045158643e+00 1.869040814679062024e+00
1.115658784666485381e+00 1.894139144268809360e-01 1.737743325889080204e+00 8.886524545966416611e-01 8.498350505216603068e-01
6.397481078582201164e-01 -2.950920235685274839e-01 1.843029615592855830e+00 1.516896090083577509e+00 1.996744950162569143e+00
-1.095655487840825337e-01 1.468695843283975400e+00 7.033891012277364574e-01 1.237915420394487764e+00 -1.424062313315681561e+00
-9.715777066800415085e-01 -1.618707186748469251e+00 -1.924727825397631875e-02 1.105791545762335737e+00 1.344904436109857215e-01
1.135349913659975396e+00 -5.721136438767850940e-01 1.717040732655674251e+00 -9.896388288755408880e-01 -1.481265023881405796e+00
1.527511435680566354e+00 2.692414451770677175e-01 1.307109124363910357e+00 -1.055195168816899454e+00 -7.669733167013488284e-01
-1.804387259012552036e-01 -1.402254127294424890e+00 1.296530216980113615e+00 3.210217383365514543e-01 -9.120045155889293653e-01
8.790010822333993445e-02 3.867484247659014329e-02 -7.920140662323085223e-01 2.163083075676870415e-01 -1.134246892629811931e+00
-1.522262130316831552e-01 -1.952351841337929717e+00 9.535473956524502803e-01 -9.150985016166348629e-01 -1.743043251373647795e+00
-1.498779209976656368e+00 -2.255244060987049437e-01 7.731329495366168203e-01 -9.405210773599916863e-01 1.944740773510987175e+00
-6.152599444421795738e-01 1.612762395764440360e+00 -2.525996518641573374e-01 1.788287139680853954e+00 1.459708225169334739e+00
6.704171193791914618e-01 -5.000549625419901112e-01 1.520273310340850337e+00 1.206633512794561103e+00 -9.617036894959474225e-01
-9.197184476545938736e-01 1.687871213546771276e+00 -6.077066411332157081e-01 -9.872489049870201150e-01 2.755926604430580795e-01
-7.266085428815478586e-01 1.279404743789060994e-01 1.108719148292807155e+00 1.120399984026471785e+00 8.238836121299710769e-01
6.477628976028175778e-01 4.580872192304226154e-01 5.161376100692134372e-01 -1.207084058360180734e+00 2.634946613256721193e-01
8.435824297628125024e-01 -5.375766371964392221e-01 1.973463912520575736e+00 -8.378754519724083138e-01 7.002792450998231999e-01
-9.913400053052927596e-01 6.003793337709080191e-01 1.913984856749721075e+00 1.958500509330578510e+00 1.001831915614611823e+00
