L set:
[-0.5047075233675313, 0.2839613982804634, -0.05415890093947162, -0.17517638968261862, -0.17487746285576034, -0.016178799477861716]
[-0.34140414735824853, 0.35981656628751857, 0.015038957559387889, 0.08601434112416317, -0.4196899470109816, -0.17420859848481518]
[-0.5376310297212639, 0.41466668537282203, -0.06589094951865437, -0.29734512140978664, -0.6527790072830886, -0.1392079970038207]
[-0.808116751134591, 0.3617188874099453, 0.786245805547714, -0.39312632643694334, -0.29809405322528404, -0.16578833712275198]
[-1.4377536010052872, 0.7766210111102678, 0.4398011689169534, 0.2704183059746956, -0.14540054721770002, -0.7135643922794088]
[-0.42109799761305133, 0.5486903144057864, 0.21215078090845996, -0.04652105854351385, -0.21160185046942281, 1.0439658179454803]
[-1.193882024732218, 0.8109462705120585, -0.03241990275094642, 0.09625714399328356, -0.04587228270362953, 0.41001384685135367]
[-0.43547334541853555, 0.8063275420608917, 0.13780624862818058, -0.4512133069928481, -0.9121845100342862, 1.2880357778047635]
[-0.458919468691954, 0.5463925860591967, 0.11342028214857969, -0.5907559229970882, -0.6974319498375126, 0.3898836318379839]
[-0.6974319498375126, 0.3898836318379839, 0.19825738761274359, 0.03755697563918581, -0.01525687209337212, -0.07620456756015637]
B vector:
[-1.1523272049025688,0.5411143749381351,0.1461269041420521,-0.06325676014369375,-0.6721807878932626]
τ value:
0.9
% of positive vtarget:
40.00
% of negative vtarget:
60.00

-------------------------------

